{
  "advancedEditorSelectedIdentifier" : "ProjectBrowser",
  "openSceneRelativePaths" : [
    "Immersive.usda",
    "Scene.usda",
    "finger.usda",
    "keyboard.usda"
  ],
  "recentIdentifiers" : {
    "C0B86B07-163D-4D03-A05A-B46594C68868" : [

    ]
  },
  "sceneCameraHistory" : {
    "7F473159-CA02-4BB3-BADD-3577BB352F59" : [
      {
        "date" : 733015390.177772,
        "title" : "Untitled",
        "transform" : [
          0.99999964,
          -7.742583e-10,
          -0.00082454114,
          0,
          -0.0008240367,
          0.03489954,
          -0.99939054,
          0,
          2.8775139e-05,
          0.9993908,
          0.034899503,
          0,
          4.589227e-06,
          0.15937483,
          0.0055655083,
          1
        ]
      },
      {
        "date" : 733015387.773786,
        "title" : "Untitled",
        "transform" : [
          0.99953306,
          -7.8002815e-10,
          0.03055469,
          0,
          0.03037226,
          0.109112546,
          -0.9935652,
          0,
          -0.0033339,
          0.9940293,
          0.10906157,
          0,
          -0.0005316638,
          0.15851983,
          0.017392283,
          1
        ]
      },
      {
        "date" : 733015379.162347,
        "title" : "Untitled",
        "transform" : [
          0.99999994,
          0,
          0,
          0,
          0,
          0.8660254,
          -0.49999994,
          0,
          0,
          0.49999994,
          0.8660254,
          0,
          0,
          0.07973597,
          0.1381068,
          1
        ]
      },
      {
        "date" : 733015376.979653,
        "title" : "Untitled",
        "transform" : [
          0.99999994,
          0,
          0,
          0,
          0,
          0.8660254,
          -0.49999994,
          0,
          0,
          0.49999994,
          0.8660254,
          0,
          0,
          0.1329737,
          0.23031726,
          1
        ]
      },
      {
        "date" : 733015356.277715,
        "title" : "Untitled",
        "transform" : [
          0.99999994,
          0,
          -0,
          0,
          -0,
          0.8660254,
          -0.49999994,
          0,
          0,
          0.49999994,
          0.8660254,
          0,
          0,
          0.19066931,
          0.330249,
          1
        ]
      }
    ],
    "AF09ED6F-1707-48FD-8720-65B998362C09" : [
      {
        "date" : 733009410.975752,
        "title" : "Untitled",
        "transform" : [
          1,
          0,
          -0,
          0,
          -0,
          0.8660249,
          -0.5000008,
          0,
          0,
          0.5000008,
          0.8660249,
          0,
          0,
          3.380947,
          3.7386334,
          1
        ]
      }
    ],
    "C0B86B07-163D-4D03-A05A-B46594C68868" : [
      {
        "date" : 733015021.076789,
        "title" : "Untitled",
        "transform" : [
          0.99999994,
          0,
          -0,
          0,
          -0,
          0.8660254,
          -0.49999994,
          0,
          0,
          0.49999994,
          0.8660254,
          0,
          0,
          0.25402692,
          0.43998766,
          1
        ]
      },
      {
        "date" : 733015004.393978,
        "title" : "Untitled",
        "transform" : [
          0.99999994,
          0,
          -0,
          0,
          -0,
          0.8660254,
          -0.49999994,
          0,
          0,
          0.49999994,
          0.8660254,
          0,
          0,
          0.19066931,
          0.330249,
          1
        ]
      }
    ],
    "D66134B1-3681-4A8E-AFE5-29F257229F3B" : [
      {
        "date" : 733013861.763346,
        "title" : "Untitled",
        "transform" : [
          0.99999994,
          0,
          -0,
          0,
          -0,
          0.8660254,
          -0.49999988,
          0,
          0,
          0.49999988,
          0.8660254,
          0,
          0,
          0.1910037,
          0.33102813,
          1
        ]
      }
    ],
    "DFD579E3-6622-4BA2-8FD8-7408146C7A13" : [
      {
        "date" : 733288373.563764,
        "title" : "Untitled",
        "transform" : [
          0.99946964,
          -5.27448e-10,
          -0.032563496,
          0,
          -0.0040504173,
          0.99223393,
          -0.124319255,
          0,
          0.03231061,
          0.12438517,
          0.9917078,
          0,
          -0.021262992,
          0.12974826,
          0.58902943,
          1
        ]
      },
      {
        "date" : 733288193.975938,
        "title" : "Untitled",
        "transform" : [
          0.99946964,
          -5.27448e-10,
          -0.032563496,
          0,
          -0.0040504173,
          0.99223393,
          -0.124319255,
          0,
          0.03231061,
          0.12438517,
          0.9917078,
          0,
          -0.016155202,
          0.13483956,
          0.58822435,
          1
        ]
      },
      {
        "date" : 733288192.310154,
        "title" : "Untitled",
        "transform" : [
          0.99946964,
          -5.27448e-10,
          -0.032563496,
          0,
          -0.0040504173,
          0.99223393,
          -0.124319255,
          0,
          0.03231061,
          0.12438517,
          0.9917078,
          0,
          -0.009547938,
          0.02384672,
          0.6019303,
          1
        ]
      },
      {
        "date" : 733288117.842685,
        "title" : "Untitled",
        "transform" : [
          0.99946964,
          -5.27448e-10,
          -0.032563496,
          0,
          -0.0040504173,
          0.99223393,
          -0.124319255,
          0,
          0.03231061,
          0.12438517,
          0.9917078,
          0,
          -0.009467969,
          0.034375343,
          0.41887668,
          1
        ]
      },
      {
        "date" : 733015619.04963,
        "title" : "Untitled",
        "transform" : [
          0.99946964,
          -5.27448e-10,
          -0.032563496,
          0,
          -0.0040504173,
          0.99223393,
          -0.124319255,
          0,
          0.03231061,
          0.12438517,
          0.9917078,
          0,
          -0.0049692364,
          0.03920921,
          0.24136622,
          1
        ]
      },
      {
        "date" : 733015554.650916,
        "title" : "Untitled",
        "transform" : [
          0.99946964,
          -5.27448e-10,
          -0.032563496,
          0,
          -0.0040504173,
          0.99223393,
          -0.124319255,
          0,
          0.03231061,
          0.12438517,
          0.9917078,
          0,
          -0.0021361231,
          0.008048022,
          0.2451823,
          1
        ]
      },
      {
        "date" : 733013904.560685,
        "title" : "Untitled",
        "transform" : [
          0.99946964,
          -5.27448e-10,
          -0.032563496,
          0,
          -0.0040504173,
          0.99223393,
          -0.124319255,
          0,
          0.03231061,
          0.12438517,
          0.9917078,
          0,
          -0.003337358,
          0.012573775,
          0.38305897,
          1
        ]
      },
      {
        "date" : 733013879.517281,
        "title" : "Untitled",
        "transform" : [
          0.99999994,
          0,
          -0,
          0,
          -0,
          0.8660254,
          -0.49999994,
          0,
          0,
          0.49999994,
          0.8660254,
          0,
          0,
          0.19066931,
          0.330249,
          1
        ]
      }
    ],
    "E5D4F5BC-C72E-4E68-BA95-02A57352EE3E" : [
      {
        "date" : 733014988.85935,
        "title" : "Untitled",
        "transform" : [
          0.99999994,
          0,
          0,
          0,
          0,
          0.8660254,
          -0.49999994,
          0,
          0,
          0.49999994,
          0.8660254,
          0,
          0,
          0.13089873,
          0.22672327,
          1
        ]
      },
      {
        "date" : 733013831.926092,
        "title" : "Untitled",
        "transform" : [
          0.99999994,
          0,
          -0,
          0,
          -0,
          0.8660254,
          -0.49999994,
          0,
          0,
          0.49999994,
          0.8660254,
          0,
          0,
          0.19277732,
          0.33390015,
          1
        ]
      }
    ]
  },
  "selectedSceneRelativePath" : "finger.usda"
}