{
  "advancedEditorSelectedIdentifier" : "ProjectBrowser",
  "openSceneRelativePaths" : [
    "keyboard.usda",
    "audioController.usda"
  ],
  "recentIdentifiers" : {
    "C0B86B07-163D-4D03-A05A-B46594C68868" : [

    ]
  },
  "sceneCameraHistory" : {
    "7F473159-CA02-4BB3-BADD-3577BB352F59" : [
      {
        "date" : 733015390.177772,
        "title" : "Untitled",
        "transform" : [
          0.99999964,
          -7.742583e-10,
          -0.00082454114,
          0,
          -0.0008240367,
          0.03489954,
          -0.99939054,
          0,
          2.8775139e-05,
          0.9993908,
          0.034899503,
          0,
          4.589227e-06,
          0.15937483,
          0.0055655083,
          1
        ]
      },
      {
        "date" : 733015387.773786,
        "title" : "Untitled",
        "transform" : [
          0.99953306,
          -7.8002815e-10,
          0.03055469,
          0,
          0.03037226,
          0.109112546,
          -0.9935652,
          0,
          -0.0033339,
          0.9940293,
          0.10906157,
          0,
          -0.0005316638,
          0.15851983,
          0.017392283,
          1
        ]
      },
      {
        "date" : 733015379.162347,
        "title" : "Untitled",
        "transform" : [
          0.99999994,
          0,
          0,
          0,
          0,
          0.8660254,
          -0.49999994,
          0,
          0,
          0.49999994,
          0.8660254,
          0,
          0,
          0.07973597,
          0.1381068,
          1
        ]
      },
      {
        "date" : 733015376.979653,
        "title" : "Untitled",
        "transform" : [
          0.99999994,
          0,
          0,
          0,
          0,
          0.8660254,
          -0.49999994,
          0,
          0,
          0.49999994,
          0.8660254,
          0,
          0,
          0.1329737,
          0.23031726,
          1
        ]
      },
      {
        "date" : 733015356.277715,
        "title" : "Untitled",
        "transform" : [
          0.99999994,
          0,
          -0,
          0,
          -0,
          0.8660254,
          -0.49999994,
          0,
          0,
          0.49999994,
          0.8660254,
          0,
          0,
          0.19066931,
          0.330249,
          1
        ]
      }
    ],
    "73FE18BF-3E3C-42E8-A74D-E4FC0AC2A81E" : [
      {
        "date" : 735638234.38591,
        "title" : "Untitled",
        "transform" : [
          0.99999994,
          0,
          -0,
          0,
          -0,
          0.8660254,
          -0.49999988,
          0,
          0,
          0.49999988,
          0.8660254,
          0,
          0,
          0.2347169,
          0.40654165,
          1
        ]
      }
    ],
    "AF09ED6F-1707-48FD-8720-65B998362C09" : [
      {
        "date" : 733009410.975752,
        "title" : "Untitled",
        "transform" : [
          1,
          0,
          -0,
          0,
          -0,
          0.8660249,
          -0.5000008,
          0,
          0,
          0.5000008,
          0.8660249,
          0,
          0,
          3.380947,
          3.7386334,
          1
        ]
      }
    ],
    "C0B86B07-163D-4D03-A05A-B46594C68868" : [
      {
        "date" : 735640577.931673,
        "title" : "Untitled",
        "transform" : [
          0.9998058,
          1.2283138e-09,
          -0.019706436,
          0,
          -0.015710022,
          0.6037121,
          -0.7970475,
          0,
          0.011897043,
          0.79720235,
          0.6035949,
          0,
          0.092348,
          0.108158454,
          0.06550116,
          1
        ]
      },
      {
        "date" : 735640573.212751,
        "title" : "Untitled",
        "transform" : [
          0.7484858,
          1.2885941e-09,
          -0.6631509,
          0,
          -0.16075978,
          0.9701719,
          -0.1814465,
          0,
          0.64337033,
          0.24241808,
          0.7261598,
          0,
          0.15136708,
          0.056749504,
          0.078148425,
          1
        ]
      },
      {
        "date" : 735640546.423122,
        "title" : "Untitled",
        "transform" : [
          0.99613285,
          0.00079098385,
          0.08785729,
          0,
          0.07238097,
          0.5594499,
          -0.8256978,
          0,
          -0.04980487,
          0.8288638,
          0.55722916,
          0,
          0.08334329,
          0.13768317,
          0.06947222,
          1
        ]
      },
      {
        "date" : 735640523.828062,
        "title" : "Untitled",
        "transform" : [
          0.99889725,
          1.5199757e-09,
          0.046949774,
          0,
          0.0120888995,
          0.9662821,
          -0.25720185,
          0,
          -0.045366727,
          0.25748575,
          0.96521646,
          0,
          0.029372761,
          0.033132464,
          0.1283659,
          1
        ]
      },
      {
        "date" : 735640510.82179,
        "title" : "Untitled",
        "transform" : [
          0.72819495,
          1.7834974e-08,
          0.68537,
          0,
          0.24317731,
          0.9349377,
          -0.2583721,
          0,
          -0.64077836,
          0.3548117,
          0.68081695,
          0,
          -0.021982899,
          0.07249713,
          0.15813324,
          1
        ]
      },
      {
        "date" : 735640497.411098,
        "title" : "Untitled",
        "transform" : [
          0.72819495,
          1.7834974e-08,
          0.68537,
          0,
          0.24317731,
          0.9349377,
          -0.2583721,
          0,
          -0.64077836,
          0.3548117,
          0.68081695,
          0,
          -0.4111347,
          0.34501755,
          0.75321186,
          1
        ]
      },
      {
        "date" : 735640427.614221,
        "title" : "Untitled",
        "transform" : [
          0.72819495,
          1.7834974e-08,
          0.68537,
          0,
          0.24317731,
          0.9349377,
          -0.2583721,
          0,
          -0.64077836,
          0.3548117,
          0.68081695,
          0,
          -0.0071226684,
          0.06209053,
          0.13540934,
          1
        ]
      },
      {
        "date" : 735640417.476604,
        "title" : "Untitled",
        "transform" : [
          0.9621209,
          5.106404e-10,
          -0.27262312,
          0,
          -0.0635769,
          0.9724277,
          -0.22437078,
          0,
          0.2651063,
          0.23320435,
          0.93559307,
          0,
          0.08690132,
          0.041585144,
          0.082748204,
          1
        ]
      },
      {
        "date" : 735640411.59038,
        "title" : "Untitled",
        "transform" : [
          0.48792925,
          -1.8435344e-09,
          0.8728832,
          0,
          0.12288498,
          0.9900409,
          -0.06869095,
          0,
          -0.86419004,
          0.14078055,
          0.4830699,
          0,
          -0.13258222,
          0.052514434,
          0.08393708,
          1
        ]
      },
      {
        "date" : 735640402.616353,
        "title" : "Untitled",
        "transform" : [
          0.48792925,
          -1.8435344e-09,
          0.8728832,
          0,
          0.12288498,
          0.9900409,
          -0.06869095,
          0,
          -0.86419004,
          0.14078055,
          0.4830699,
          0,
          -0.40968418,
          0.16227162,
          0.25936884,
          1
        ]
      }
    ],
    "D66134B1-3681-4A8E-AFE5-29F257229F3B" : [
      {
        "date" : 733013861.763346,
        "title" : "Untitled",
        "transform" : [
          0.99999994,
          0,
          -0,
          0,
          -0,
          0.8660254,
          -0.49999988,
          0,
          0,
          0.49999988,
          0.8660254,
          0,
          0,
          0.1910037,
          0.33102813,
          1
        ]
      }
    ],
    "DFD579E3-6622-4BA2-8FD8-7408146C7A13" : [
      {
        "date" : 733288373.563764,
        "title" : "Untitled",
        "transform" : [
          0.99946964,
          -5.27448e-10,
          -0.032563496,
          0,
          -0.0040504173,
          0.99223393,
          -0.124319255,
          0,
          0.03231061,
          0.12438517,
          0.9917078,
          0,
          -0.021262992,
          0.12974826,
          0.58902943,
          1
        ]
      },
      {
        "date" : 733288193.975938,
        "title" : "Untitled",
        "transform" : [
          0.99946964,
          -5.27448e-10,
          -0.032563496,
          0,
          -0.0040504173,
          0.99223393,
          -0.124319255,
          0,
          0.03231061,
          0.12438517,
          0.9917078,
          0,
          -0.016155202,
          0.13483956,
          0.58822435,
          1
        ]
      },
      {
        "date" : 733288192.310154,
        "title" : "Untitled",
        "transform" : [
          0.99946964,
          -5.27448e-10,
          -0.032563496,
          0,
          -0.0040504173,
          0.99223393,
          -0.124319255,
          0,
          0.03231061,
          0.12438517,
          0.9917078,
          0,
          -0.009547938,
          0.02384672,
          0.6019303,
          1
        ]
      },
      {
        "date" : 733288117.842685,
        "title" : "Untitled",
        "transform" : [
          0.99946964,
          -5.27448e-10,
          -0.032563496,
          0,
          -0.0040504173,
          0.99223393,
          -0.124319255,
          0,
          0.03231061,
          0.12438517,
          0.9917078,
          0,
          -0.009467969,
          0.034375343,
          0.41887668,
          1
        ]
      },
      {
        "date" : 733015619.04963,
        "title" : "Untitled",
        "transform" : [
          0.99946964,
          -5.27448e-10,
          -0.032563496,
          0,
          -0.0040504173,
          0.99223393,
          -0.124319255,
          0,
          0.03231061,
          0.12438517,
          0.9917078,
          0,
          -0.0049692364,
          0.03920921,
          0.24136622,
          1
        ]
      },
      {
        "date" : 733015554.650916,
        "title" : "Untitled",
        "transform" : [
          0.99946964,
          -5.27448e-10,
          -0.032563496,
          0,
          -0.0040504173,
          0.99223393,
          -0.124319255,
          0,
          0.03231061,
          0.12438517,
          0.9917078,
          0,
          -0.0021361231,
          0.008048022,
          0.2451823,
          1
        ]
      },
      {
        "date" : 733013904.560685,
        "title" : "Untitled",
        "transform" : [
          0.99946964,
          -5.27448e-10,
          -0.032563496,
          0,
          -0.0040504173,
          0.99223393,
          -0.124319255,
          0,
          0.03231061,
          0.12438517,
          0.9917078,
          0,
          -0.003337358,
          0.012573775,
          0.38305897,
          1
        ]
      },
      {
        "date" : 733013879.517281,
        "title" : "Untitled",
        "transform" : [
          0.99999994,
          0,
          -0,
          0,
          -0,
          0.8660254,
          -0.49999994,
          0,
          0,
          0.49999994,
          0.8660254,
          0,
          0,
          0.19066931,
          0.330249,
          1
        ]
      }
    ],
    "E5D4F5BC-C72E-4E68-BA95-02A57352EE3E" : [
      {
        "date" : 733014988.85935,
        "title" : "Untitled",
        "transform" : [
          0.99999994,
          0,
          0,
          0,
          0,
          0.8660254,
          -0.49999994,
          0,
          0,
          0.49999994,
          0.8660254,
          0,
          0,
          0.13089873,
          0.22672327,
          1
        ]
      },
      {
        "date" : 733013831.926092,
        "title" : "Untitled",
        "transform" : [
          0.99999994,
          0,
          -0,
          0,
          -0,
          0.8660254,
          -0.49999994,
          0,
          0,
          0.49999994,
          0.8660254,
          0,
          0,
          0.19277732,
          0.33390015,
          1
        ]
      }
    ],
    "F349D882-05B2-45FA-BCB1-823E35EACA13" : [
      {
        "date" : 735629714.04818,
        "title" : "Untitled",
        "transform" : [
          0.99999994,
          0,
          0,
          0,
          0,
          0.8660255,
          -0.49999988,
          0,
          0,
          0.49999988,
          0.8660255,
          0,
          0,
          2.139899,
          3.7064133,
          1
        ]
      },
      {
        "date" : 735629705.138959,
        "title" : "Untitled",
        "transform" : [
          0.99999994,
          0,
          -0,
          0,
          -0,
          0.8660255,
          -0.49999988,
          0,
          0,
          0.49999988,
          0.8660255,
          0,
          0,
          0.2401566,
          0.41596347,
          1
        ]
      }
    ]
  },
  "selectedSceneRelativePath" : "keyboard.usda"
}