{
  "advancedEditorSelectedIdentifier" : "ProjectBrowser",
  "openSceneRelativePaths" : [
    "Immersive.usda",
    "Scene.usda",
    "finger.usda",
    "keyboard.usda"
  ],
  "recentIdentifiers" : {
    "C0B86B07-163D-4D03-A05A-B46594C68868" : [

    ]
  },
  "sceneCameraHistory" : {
    "7F473159-CA02-4BB3-BADD-3577BB352F59" : [
      {
        "date" : 733015390.177772,
        "title" : "Untitled",
        "transform" : [
          0.99999964,
          -7.742583e-10,
          -0.00082454114,
          0,
          -0.0008240367,
          0.03489954,
          -0.99939054,
          0,
          2.8775139e-05,
          0.9993908,
          0.034899503,
          0,
          4.589227e-06,
          0.15937483,
          0.0055655083,
          1
        ]
      },
      {
        "date" : 733015387.773786,
        "title" : "Untitled",
        "transform" : [
          0.99953306,
          -7.8002815e-10,
          0.03055469,
          0,
          0.03037226,
          0.109112546,
          -0.9935652,
          0,
          -0.0033339,
          0.9940293,
          0.10906157,
          0,
          -0.0005316638,
          0.15851983,
          0.017392283,
          1
        ]
      },
      {
        "date" : 733015379.162347,
        "title" : "Untitled",
        "transform" : [
          0.99999994,
          0,
          0,
          0,
          0,
          0.8660254,
          -0.49999994,
          0,
          0,
          0.49999994,
          0.8660254,
          0,
          0,
          0.07973597,
          0.1381068,
          1
        ]
      },
      {
        "date" : 733015376.979653,
        "title" : "Untitled",
        "transform" : [
          0.99999994,
          0,
          0,
          0,
          0,
          0.8660254,
          -0.49999994,
          0,
          0,
          0.49999994,
          0.8660254,
          0,
          0,
          0.1329737,
          0.23031726,
          1
        ]
      },
      {
        "date" : 733015356.277715,
        "title" : "Untitled",
        "transform" : [
          0.99999994,
          0,
          -0,
          0,
          -0,
          0.8660254,
          -0.49999994,
          0,
          0,
          0.49999994,
          0.8660254,
          0,
          0,
          0.19066931,
          0.330249,
          1
        ]
      }
    ],
    "AF09ED6F-1707-48FD-8720-65B998362C09" : [
      {
        "date" : 733009410.975752,
        "title" : "Untitled",
        "transform" : [
          1,
          0,
          -0,
          0,
          -0,
          0.8660249,
          -0.5000008,
          0,
          0,
          0.5000008,
          0.8660249,
          0,
          0,
          3.380947,
          3.7386334,
          1
        ]
      }
    ],
    "C0B86B07-163D-4D03-A05A-B46594C68868" : [
      {
        "date" : 733883736.65795,
        "title" : "Untitled",
        "transform" : [
          0.9999856,
          -0.0019855401,
          -0.0049890755,
          0,
          -0.0042392234,
          0.2783563,
          -0.96046853,
          0,
          0.0032957895,
          0.9604758,
          0.27834386,
          0,
          -0.005265401,
          0.21911362,
          0.05010533,
          1
        ]
      },
      {
        "date" : 733883731.278639,
        "title" : "Untitled",
        "transform" : [
          0.9890006,
          -0.009765669,
          -0.14758915,
          0,
          -0.13953713,
          0.26938963,
          -0.95286864,
          0,
          0.049064383,
          0.96298176,
          0.26506382,
          0,
          -0.004973661,
          0.30413377,
          0.074744,
          1
        ]
      },
      {
        "date" : 733883724.946521,
        "title" : "Untitled",
        "transform" : [
          0.9996599,
          -0.002099263,
          -0.025993979,
          0,
          -0.024719004,
          0.24136262,
          -0.9701201,
          0,
          0.008310513,
          0.97043276,
          0.24122865,
          0,
          -0.004973661,
          0.30413377,
          0.074744,
          1
        ]
      },
      {
        "date" : 733883522.298459,
        "title" : "Untitled",
        "transform" : [
          0.9998602,
          5.881285e-09,
          -0.016717946,
          0,
          -0.01429388,
          0.51862484,
          -0.8548824,
          0,
          0.008670341,
          0.8550019,
          0.5185523,
          0,
          -0.0054244758,
          0.25967786,
          0.047781844,
          1
        ]
      },
      {
        "date" : 733883519.159376,
        "title" : "Untitled",
        "transform" : [
          0.9998286,
          5.882989e-09,
          0.01851371,
          0,
          0.015790055,
          0.52209955,
          -0.85273844,
          0,
          -0.009666,
          0.8528846,
          0.52201,
          0,
          -0.0071231755,
          0.25948176,
          0.04858144,
          1
        ]
      },
      {
        "date" : 733883473.143467,
        "title" : "Untitled",
        "transform" : [
          0.99928266,
          5.2224625e-09,
          0.03787144,
          0,
          0.015418148,
          0.91337556,
          -0.40682617,
          0,
          -0.034590844,
          0.4071182,
          0.91272026,
          0,
          -0.0131162405,
          0.18779393,
          0.18178079,
          1
        ]
      },
      {
        "date" : 733883416.723145,
        "title" : "Untitled",
        "transform" : [
          0.99999046,
          5.2582134e-09,
          0.004379424,
          0,
          0.00395487,
          0.42951924,
          -0.9030491,
          0,
          -0.0018810512,
          0.9030577,
          0.4295151,
          0,
          -0.006581086,
          0.2853031,
          0.08185815,
          1
        ]
      },
      {
        "date" : 733883407.522357,
        "title" : "Untitled",
        "transform" : [
          0.9997337,
          -4.7672234e-05,
          -0.023075784,
          0,
          -0.017574769,
          0.64646214,
          -0.76274365,
          0,
          0.01495398,
          0.76294607,
          0.6462891,
          0,
          -0.011187756,
          0.2886564,
          0.19656922,
          1
        ]
      },
      {
        "date" : 733883394.322807,
        "title" : "Untitled",
        "transform" : [
          0.9849356,
          1.3562533e-09,
          0.17292191,
          0,
          0.05524242,
          0.9475983,
          -0.314652,
          0,
          -0.16386048,
          0.31946453,
          0.93332314,
          0,
          -0.035238214,
          0.17917587,
          0.24721232,
          1
        ]
      },
      {
        "date" : 733883369.072744,
        "title" : "Untitled",
        "transform" : [
          0.9413464,
          -3.2322371e-09,
          0.33744198,
          0,
          0.06673807,
          0.9802472,
          -0.1861761,
          0,
          -0.33077654,
          0.19777642,
          0.9227521,
          0,
          -0.07022165,
          0.14162126,
          0.32497427,
          1
        ]
      }
    ],
    "D66134B1-3681-4A8E-AFE5-29F257229F3B" : [
      {
        "date" : 733013861.763346,
        "title" : "Untitled",
        "transform" : [
          0.99999994,
          0,
          -0,
          0,
          -0,
          0.8660254,
          -0.49999988,
          0,
          0,
          0.49999988,
          0.8660254,
          0,
          0,
          0.1910037,
          0.33102813,
          1
        ]
      }
    ],
    "DFD579E3-6622-4BA2-8FD8-7408146C7A13" : [
      {
        "date" : 733288373.563764,
        "title" : "Untitled",
        "transform" : [
          0.99946964,
          -5.27448e-10,
          -0.032563496,
          0,
          -0.0040504173,
          0.99223393,
          -0.124319255,
          0,
          0.03231061,
          0.12438517,
          0.9917078,
          0,
          -0.021262992,
          0.12974826,
          0.58902943,
          1
        ]
      },
      {
        "date" : 733288193.975938,
        "title" : "Untitled",
        "transform" : [
          0.99946964,
          -5.27448e-10,
          -0.032563496,
          0,
          -0.0040504173,
          0.99223393,
          -0.124319255,
          0,
          0.03231061,
          0.12438517,
          0.9917078,
          0,
          -0.016155202,
          0.13483956,
          0.58822435,
          1
        ]
      },
      {
        "date" : 733288192.310154,
        "title" : "Untitled",
        "transform" : [
          0.99946964,
          -5.27448e-10,
          -0.032563496,
          0,
          -0.0040504173,
          0.99223393,
          -0.124319255,
          0,
          0.03231061,
          0.12438517,
          0.9917078,
          0,
          -0.009547938,
          0.02384672,
          0.6019303,
          1
        ]
      },
      {
        "date" : 733288117.842685,
        "title" : "Untitled",
        "transform" : [
          0.99946964,
          -5.27448e-10,
          -0.032563496,
          0,
          -0.0040504173,
          0.99223393,
          -0.124319255,
          0,
          0.03231061,
          0.12438517,
          0.9917078,
          0,
          -0.009467969,
          0.034375343,
          0.41887668,
          1
        ]
      },
      {
        "date" : 733015619.04963,
        "title" : "Untitled",
        "transform" : [
          0.99946964,
          -5.27448e-10,
          -0.032563496,
          0,
          -0.0040504173,
          0.99223393,
          -0.124319255,
          0,
          0.03231061,
          0.12438517,
          0.9917078,
          0,
          -0.0049692364,
          0.03920921,
          0.24136622,
          1
        ]
      },
      {
        "date" : 733015554.650916,
        "title" : "Untitled",
        "transform" : [
          0.99946964,
          -5.27448e-10,
          -0.032563496,
          0,
          -0.0040504173,
          0.99223393,
          -0.124319255,
          0,
          0.03231061,
          0.12438517,
          0.9917078,
          0,
          -0.0021361231,
          0.008048022,
          0.2451823,
          1
        ]
      },
      {
        "date" : 733013904.560685,
        "title" : "Untitled",
        "transform" : [
          0.99946964,
          -5.27448e-10,
          -0.032563496,
          0,
          -0.0040504173,
          0.99223393,
          -0.124319255,
          0,
          0.03231061,
          0.12438517,
          0.9917078,
          0,
          -0.003337358,
          0.012573775,
          0.38305897,
          1
        ]
      },
      {
        "date" : 733013879.517281,
        "title" : "Untitled",
        "transform" : [
          0.99999994,
          0,
          -0,
          0,
          -0,
          0.8660254,
          -0.49999994,
          0,
          0,
          0.49999994,
          0.8660254,
          0,
          0,
          0.19066931,
          0.330249,
          1
        ]
      }
    ],
    "E5D4F5BC-C72E-4E68-BA95-02A57352EE3E" : [
      {
        "date" : 733014988.85935,
        "title" : "Untitled",
        "transform" : [
          0.99999994,
          0,
          0,
          0,
          0,
          0.8660254,
          -0.49999994,
          0,
          0,
          0.49999994,
          0.8660254,
          0,
          0,
          0.13089873,
          0.22672327,
          1
        ]
      },
      {
        "date" : 733013831.926092,
        "title" : "Untitled",
        "transform" : [
          0.99999994,
          0,
          -0,
          0,
          -0,
          0.8660254,
          -0.49999994,
          0,
          0,
          0.49999994,
          0.8660254,
          0,
          0,
          0.19277732,
          0.33390015,
          1
        ]
      }
    ]
  },
  "selectedSceneRelativePath" : "keyboard.usda"
}